Survived,Pclass,Sex,Age,SibSp,Parch,Fare,Embarked,FamilySize,IsAlone,Title
0,3,1,-0.5654188991856514,1,0,-0.5021631365156053,2,2,0,1
1,1,0,0.663488390424261,1,0,0.7864036178345383,0,2,0,3
1,3,0,-0.2581920767831732,0,0,-0.488579851581261,2,1,1,2
1,1,0,0.4330682736224024,1,0,0.4204940697654092,2,2,0,3
0,3,1,0.4330682736224024,0,0,-0.4860644284452713,2,1,1,1
0,3,1,-0.1045786655819342,0,0,-0.4778480503138746,1,1,1,1
0,1,1,1.8923956800341728,0,0,0.3955913807191113,2,1,1,1
0,3,1,-2.1015530111980416,3,1,-0.2239573376751467,2,5,0,4
1,3,0,-0.1813853711825537,0,2,-0.4240179952036955,2,3,0,3
1,2,0,-1.1798725439906077,1,0,-0.042931390101259,0,2,0,3
1,3,0,-1.9479395999968028,1,1,-0.3119971474347855,2,3,0,2
1,1,0,2.199622502436652,0,0,-0.1137818043187987,2,1,1,2
0,3,1,-0.7190323103868904,0,0,-0.4860644284452713,2,1,1,1
0,3,1,0.7402950960248805,1,5,-0.0186988097783889,2,7,0,1
0,3,0,-1.1798725439906077,0,0,-0.4900045872454856,2,1,1,2
1,2,0,1.9692023856347929,0,0,-0.3260835169963277,2,1,1,3
0,3,1,-2.1015530111980416,4,1,-0.0619640877174113,1,6,0,4
1,2,1,-0.1045786655819342,0,0,-0.38645367226008,2,1,1,1
0,3,0,0.1258414512199243,1,0,-0.2858367468204928,2,2,0,3
1,3,0,-0.1045786655819342,0,0,-0.5026662211428032,0,1,1,3
0,2,1,0.4330682736224024,0,0,-0.1248496661171533,2,1,1,1
1,2,1,0.3562615680217829,0,0,-0.38645367226008,2,1,1,1
1,3,0,-1.103065838389988,0,0,-0.4864829948551,1,1,1,2
1,1,1,-0.1045786655819342,0,0,0.0663224922180622,2,1,1,1
0,3,0,-1.6407127775943249,3,1,-0.2239573376751467,2,5,0,2
1,3,0,0.663488390424261,1,5,-0.0164349289559981,2,7,0,3
0,3,1,-0.1045786655819342,0,0,-0.5026662211428032,0,1,1,1
0,1,1,-0.79583901598751,3,2,4.644392599719279,2,6,0,1
1,3,0,-0.1045786655819342,0,0,-0.4895015026182876,1,1,1,2
0,3,1,-0.1045786655819342,0,0,-0.4891674544258282,2,1,1,1
0,1,1,0.8171018016255001,0,0,-0.090221345057865,0,1,1,5
1,1,0,-0.1045786655819342,1,0,2.300436803386727,0,2,0,3
1,3,0,-0.1045786655819342,0,0,-0.4921014439716465,1,1,1,2
0,2,1,2.814076147241608,0,0,-0.4367621349798736,2,1,1,1
0,1,1,-0.1045786655819342,1,0,1.0054969729792391,0,2,0,1
0,1,1,0.970715212826739,1,0,0.3983583461687,2,2,0,1
1,3,1,-0.1045786655819342,0,0,-0.502581702925434,0,1,1,1
0,3,1,-0.6422256047862709,0,0,-0.4860644284452713,2,1,1,1
0,3,0,-0.8726457215881294,2,0,-0.2858367468204928,2,3,0,2
1,3,0,-1.1798725439906077,1,0,-0.4218366202601652,0,2,0,2
0,3,0,0.8171018016255001,1,0,-0.457388604694989,2,2,0,3
0,2,0,-0.1813853711825537,1,0,-0.2254665915567405,2,2,0,3
0,3,1,-0.1045786655819342,0,0,-0.4891674544258282,0,1,1,1
1,2,0,-2.0247463055974224,1,2,0.1886565748445299,0,4,0,2
1,3,0,-0.79583901598751,0,0,-0.4895015026182876,1,1,1,2
0,3,1,-0.1045786655819342,0,0,-0.4860644284452713,2,1,1,1
0,3,1,-0.1045786655819342,1,0,-0.3361452095402864,1,2,0,1
1,3,0,-0.1045786655819342,0,0,-0.4921014439716465,1,1,1,2
0,3,1,-0.1045786655819342,2,0,-0.211798788405027,0,3,0,1
0,3,0,-0.8726457215881294,1,0,-0.2898614238380763,2,2,0,3
0,3,1,-1.717519483194944,4,1,0.1505891672737165,2,6,0,4
0,3,1,-0.6422256047862709,0,0,-0.4910952747172507,2,1,1,1
1,1,0,1.5083621520310757,1,0,0.895993560684828,0,2,0,3
1,2,0,-0.0277719599813147,1,0,-0.1248496661171533,2,2,0,3
0,1,1,2.737269441640988,0,1,0.5991736306380456,0,2,0,1
1,1,1,-0.1045786655819342,0,0,0.0663224922180622,2,1,1,1
1,2,0,-0.6422256047862709,0,0,-0.4367621349798736,2,1,1,2
0,3,1,-0.0661753127816244,0,0,-0.502581702925434,0,1,1,1
1,2,0,-1.8711328943961831,1,2,-0.0896337422132978,2,4,0,2
0,3,1,-1.410292660792466,5,2,0.295729082220321,2,8,0,4
0,3,1,-0.5654188991856514,0,0,-0.502581702925434,0,1,1,1
1,1,0,0.663488390424261,0,0,0.9618131286303884,2,1,1,2
0,1,1,1.2011353296285976,1,0,1.0317418918109011,2,2,0,1
0,3,1,-1.9479395999968028,3,2,-0.0866152344501102,2,6,0,4
0,1,1,-0.1045786655819342,0,0,-0.090221345057865,0,1,1,1
1,3,1,-0.1045786655819342,1,1,-0.341260574029635,0,3,0,4
1,2,0,-0.0277719599813147,0,0,-0.4367621349798736,2,1,1,3
0,3,1,-0.79583901598751,0,0,-0.4838850658402499,2,1,1,1
1,3,0,-0.9494524271887488,4,2,-0.488579851581261,2,7,0,2
0,3,1,-0.2581920767831732,2,0,-0.4737388550789219,2,3,0,1
0,2,1,0.2026481568205438,0,0,-0.4367621349798736,2,1,1,1
0,3,0,-1.0262591327893684,5,2,0.295729082220321,2,8,0,2
0,2,1,-0.6422256047862709,0,0,0.8310111255589249,2,1,1,1
0,3,1,-0.2581920767831732,1,0,-0.3571902456652305,0,2,0,1
1,3,1,0.2026481568205438,0,0,0.4888290608469592,2,1,1,1
0,3,1,-0.3349987823837927,0,0,-0.4941137824804383,2,1,1,1
0,3,1,-0.1045786655819342,0,0,-0.4891674544258282,2,1,1,1
0,3,1,-0.1045786655819342,0,0,-0.4860644284452713,2,1,1,1
1,2,1,-2.1914168567507666,0,2,-0.064479510853401,2,3,0,4
1,3,0,0.0490347456193048,0,0,-0.3970184494312366,2,1,1,2
0,3,1,-0.5654188991856514,0,0,-0.4669472126117498,2,1,1,1
1,3,1,-0.0277719599813147,0,0,-0.4568855200677911,2,1,1,1
1,3,0,-0.1045786655819342,0,0,-0.4913468170308496,1,1,1,2
0,1,1,-0.1045786655819342,0,0,0.2997537592379046,2,1,1,1
1,2,0,-0.9494524271887488,0,0,-0.4367621349798736,2,1,1,2
1,3,0,0.2794548624211633,3,0,-0.3291020247595153,2,4,0,3
0,3,1,-1.0262591327893684,1,3,0.0436836839941551,2,5,0,1
0,3,1,-0.1045786655819342,0,0,-0.4860644284452713,2,1,1,1
1,1,0,-0.4886121935850318,3,2,4.644392599719279,2,6,0,2
0,3,1,-0.4118054879844123,0,0,-0.4860644284452713,2,1,1,1
0,3,1,-0.0277719599813147,0,0,-0.4860644284452713,2,1,1,1
0,3,1,-0.7190323103868904,0,0,-0.4900045872454856,2,1,1,1
0,1,1,1.2779420352292172,1,0,0.5829904043503424,2,2,0,1
0,3,1,-0.2581920767831732,1,2,-0.2340190302191054,2,4,0,1
0,3,1,2.276429208037271,0,0,-0.5021631365156053,2,1,1,1
0,3,1,-0.1045786655819342,0,0,-0.4860644284452713,2,1,1,1
0,1,1,3.198109675244705,0,0,0.0493021331107017,0,1,1,1
1,1,1,-0.4886121935850318,0,1,0.6269257910127927,0,2,0,1
1,2,0,0.3562615680217829,0,1,-0.1852198213809056,2,2,0,3
0,2,1,0.3562615680217829,1,0,-0.1248496661171533,2,2,0,1
0,3,0,-0.1045786655819342,0,0,-0.4891674544258282,2,1,1,2
0,3,1,-0.1045786655819342,0,0,-0.4891674544258282,2,1,1,1
0,1,1,-0.6422256047862709,0,1,0.907228446579412,2,2,0,1
0,3,1,0.2794548624211633,0,0,-0.4739058791751516,2,1,1,1
0,3,1,0.5866816848236415,2,0,-0.488579851581261,2,3,0,1
0,3,1,-0.1045786655819342,0,0,-0.4891674544258282,2,1,1,1
1,3,0,-0.6422256047862709,0,0,-0.4941137824804383,2,1,1,2
1,3,1,-0.1045786655819342,0,0,-0.4915983593444487,2,1,1,1
0,3,1,0.663488390424261,0,0,-0.4891674544258282,2,1,1,1
1,3,0,-0.1045786655819342,1,0,-0.1620779285298006,1,2,0,2
0,1,1,1.3547487408298369,0,0,0.3983583461687,2,1,1,1
0,3,0,-1.1414691911902977,1,0,-0.3571902456652305,0,2,0,2
0,3,1,-0.5654188991856514,0,0,-0.4860644284452713,2,1,1,1
0,3,0,-0.7190323103868904,1,0,-0.4503454199142179,2,2,0,2
0,3,0,-0.9494524271887488,0,0,-0.35710773978637,0,1,1,2
0,3,1,-0.6422256047862709,0,0,-0.488579851581261,2,1,1,1
0,3,1,3.1597063224443955,0,0,-0.4921014439716465,1,1,1,1
0,2,1,-0.0277719599813147,1,0,-0.2254665915567405,2,2,0,1
0,1,1,-0.4118054879844123,0,1,4.332898697266388,0,2,0,1
0,3,0,-2.1015530111980416,4,2,-0.0186988097783889,2,7,0,2
0,2,1,-0.6422256047862709,2,0,0.8310111255589249,2,3,0,1
0,3,1,-0.1045786655819342,0,0,-0.4860644284452713,2,1,1,1
0,2,1,0.2410515096208536,1,0,-0.042931390101259,0,2,0,1
1,2,0,0.2410515096208536,0,0,-0.38645367226008,2,1,1,2
0,1,1,1.8923956800341728,0,1,0.907228446579412,2,2,0,1
1,3,1,-1.3334859551918463,1,0,-0.4218366202601652,0,2,0,4
0,3,1,-0.1045786655819342,0,0,-0.4921014439716465,1,1,1,1
1,3,1,-0.4118054879844123,0,0,-0.5043424991206268,2,1,1,1
1,3,0,-0.1045786655819342,1,1,-0.1981329975918223,0,3,0,2
0,3,1,1.2011353296285976,0,0,-0.5076970674147826,2,1,1,1
0,3,1,0.2794548624211633,0,0,-0.4891674544258282,0,1,1,1
0,3,1,-0.7190323103868904,0,0,-0.5061878135331888,2,1,1,1
0,3,0,1.3547487408298369,1,0,-0.3562685946282038,2,2,0,3
1,2,0,-0.0277719599813147,1,0,-0.1248496661171533,2,2,0,3
0,2,1,-0.3349987823837927,0,0,-0.38645367226008,2,1,1,1
0,2,1,-0.4886121935850318,0,0,-0.3452852510472186,0,1,1,1
1,1,0,-0.79583901598751,0,2,-0.1191487111217463,2,3,0,2
0,1,1,0.5866816848236415,1,0,0.4204940697654092,2,2,0,1
0,3,1,-1.0262591327893684,0,0,-0.4625864750631981,2,1,1,1
0,1,1,-0.4118054879844123,0,0,0.9457144205600544,0,1,1,1
0,3,0,-0.1045786655819342,0,2,-0.341260574029635,0,3,0,3
1,3,0,-0.5654188991856514,0,0,-0.4921014439716465,2,1,1,2
1,3,0,-0.4118054879844123,1,0,-0.3291020247595153,2,2,0,3
0,3,1,-0.79583901598751,0,0,-0.512224829059564,1,1,1,1
0,2,1,-0.8726457215881294,0,0,-0.4166387498919562,2,1,1,1
0,2,1,-0.79583901598751,1,1,0.0914767235779591,2,3,0,1
1,3,1,-0.1813853711825537,0,0,-0.49117979293462,2,1,1,1
0,3,0,-1.563906071993705,2,2,0.0436836839941551,2,5,0,2
0,2,1,0.5482783320233316,0,2,-0.1248496661171533,2,3,0,1
0,2,1,0.970715212826739,0,0,-0.38645367226008,2,1,1,5
0,2,1,1.6619755632323148,0,0,-0.3960122801768408,2,1,1,5
1,1,0,-0.5654188991856514,1,0,0.6921597684522944,2,2,0,3
0,3,1,2.0076057384351027,0,0,-0.4860644284452713,2,1,1,1
0,3,1,0.8555051544258098,0,2,-0.3562685946282038,2,3,0,1
0,3,1,-0.1045786655819342,0,0,-0.5009054249476105,2,1,1,1
0,1,1,1.6619755632323148,0,1,0.5870995995852952,0,2,0,1
1,3,0,-1.0262591327893684,0,0,-0.4924375045026148,1,1,1,2
0,3,1,0.0490347456193048,0,0,-0.4860644284452713,2,1,1,1
0,3,1,-0.1045786655819342,0,0,-0.4737388550789219,2,1,1,1
0,3,1,-0.1045786655819342,8,2,0.751523754461651,2,11,0,4
0,3,1,1.1243286240279782,0,1,-0.3240711784875359,2,2,0,1
1,2,0,0.8171018016255001,0,0,-0.331114363268307,2,1,1,3
0,3,1,-0.2581920767831732,0,0,-0.4915983593444487,2,1,1,1
0,3,1,-0.9494524271887488,0,0,-0.4737388550789219,2,1,1,1
0,3,1,-2.178359716798661,4,1,0.1505891672737165,2,6,0,4
1,3,1,-1.563906071993705,0,2,-0.2350251994735013,2,3,0,4
1,1,0,-0.1045786655819342,0,1,0.4587285014324523,2,2,0,3
0,3,0,1.2011353296285976,1,4,-0.0866152344501102,2,6,0,3
0,1,1,-0.1045786655819342,0,0,-0.1263589199987471,2,1,1,1
0,3,1,-0.1045786655819342,0,0,0.4888290608469592,2,1,1,1
0,1,1,2.43004261923851,0,0,0.0260757220422274,2,1,1,1
0,3,1,-1.9479395999968028,4,1,-0.0619640877174113,1,6,0,4
1,3,0,-2.178359716798661,1,1,-0.4240179952036955,2,3,0,2
0,3,1,-0.6422256047862709,0,0,-0.488579851581261,2,1,1,1
0,1,1,2.0460090912354123,0,0,-0.0303542744213106,0,1,1,1
0,3,1,-0.8726457215881294,1,1,-0.4900045872454856,2,3,0,1
0,3,1,-0.1045786655819342,3,1,-0.1355814673845397,2,5,0,4
0,1,0,1.5851688576316951,0,0,-0.0702649840661773,0,1,1,2
0,2,1,0.0490347456193048,0,0,-0.38645367226008,2,1,1,1
0,3,1,0.5098749792230219,0,0,-0.6480576784030068,2,1,1,1
0,3,0,-0.1045786655819342,8,2,0.751523754461651,2,11,0,2
0,2,1,-0.1045786655819342,0,0,-0.3452007328298493,0,1,1,1
0,3,1,-1.563906071993705,4,2,-0.0164349289559981,2,7,0,4
1,2,1,-2.178359716798661,2,1,0.1367543400257733,2,4,0,4
1,3,0,-1.9479395999968028,0,2,-0.2048401218416252,2,3,0,2
0,1,1,-0.1045786655819342,0,0,0.3581115759928651,2,1,1,1
1,3,0,-0.1045786655819342,1,0,-0.3361452095402864,1,2,0,3
1,1,1,1.2011353296285976,0,0,-0.1137818043187987,2,1,1,1
0,3,1,0.8171018016255001,1,1,-0.3361452095402864,1,3,0,1
0,3,1,0.5098749792230219,0,0,-0.4891674544258282,2,1,1,1
1,2,0,0.2026481568205438,0,0,-0.38645367226008,2,1,1,3
0,2,1,-0.79583901598751,0,0,-0.38645367226008,2,1,1,1
1,3,0,-0.79583901598751,1,0,-0.4900045872454856,2,2,0,2
1,2,1,-2.0247463055974224,1,1,-0.1248496661171533,2,3,0,4
1,1,0,1.1243286240279782,0,0,-0.090221345057865,0,1,1,3
1,1,0,2.199622502436652,0,0,2.300436803386727,0,1,1,2
0,3,1,-0.1045786655819342,0,0,-0.4921014439716465,1,1,1,1
0,3,1,0.970715212826739,0,1,-0.478936725447131,2,2,0,1
1,3,0,-0.1045786655819342,0,0,-0.4921014439716465,1,1,1,2
0,2,0,-0.4118054879844123,0,0,-0.38645367226008,2,1,1,2
0,3,1,-0.1045786655819342,0,0,-0.4568855200677911,2,1,1,1
0,3,1,-0.1045786655819342,8,2,0.751523754461651,2,11,0,1
0,3,1,0.3562615680217829,0,0,-0.5173401935489127,2,1,1,1
0,3,1,1.2395386824289074,0,0,-0.5026662211428032,0,1,1,1
1,3,1,-0.8726457215881294,0,0,-0.4860644284452713,2,1,1,1
0,3,0,-2.1015530111980416,0,1,-0.4375167619206705,2,2,0,2
0,3,1,0.2026481568205438,1,0,-0.3291020247595153,2,2,0,1
1,3,1,-0.2581920767831732,0,0,-0.2699895810637578,0,1,1,1
1,3,0,-1.0262591327893684,0,0,-0.4921014439716465,1,1,1,2
1,1,1,0.8171018016255001,0,0,-0.0242327406775661,0,1,1,1
0,3,1,-0.4118054879844123,0,0,-0.5061878135331888,2,1,1,1
1,2,0,0.4330682736224024,0,0,-0.2254665915567405,2,1,1,2
0,3,1,-0.5654188991856514,0,0,-0.5021631365156053,2,1,1,1
0,2,1,0.0490347456193048,0,0,-0.38645367226008,2,1,1,1
0,3,1,-0.1045786655819342,1,0,-0.4921014439716465,1,2,0,1
1,1,0,0.1258414512199243,1,0,1.6314187674308411,0,2,0,2
1,3,0,-0.1813853711825537,0,0,-0.488579851581261,2,1,1,2
0,2,1,0.970715212826739,1,0,-0.1047262810292359,2,2,0,1
1,1,0,0.2026481568205438,0,0,0.8871895797088641,0,1,1,2
0,2,1,0.0490347456193048,0,0,-0.4367621349798736,2,1,1,1
1,3,1,-1.0262591327893684,0,0,-0.4860644284452713,2,1,1,1
0,2,1,-0.1813853711825537,0,0,-0.38645367226008,2,1,1,1
0,3,1,1.6619755632323148,0,0,-0.4860644284452713,2,1,1,1
0,3,1,-0.1045786655819342,0,0,-0.4891674544258282,2,1,1,1
1,1,1,0.663488390424261,1,0,1.1630469795095626,2,2,0,1
0,3,1,-0.5654188991856514,0,0,-0.4599040278309786,2,1,1,1
1,2,1,-0.79583901598751,0,0,-0.4367621349798736,2,1,1,1
0,3,1,-0.6806289575865806,0,0,-0.5021631365156053,2,1,1,1
0,2,1,-0.8726457215881294,0,0,-0.38645367226008,2,1,1,1
0,3,0,-0.1045786655819342,3,1,-0.1355814673845397,2,5,0,2
1,1,0,0.4330682736224024,1,0,1.0317418918109011,2,2,0,3
0,3,1,-0.0277719599813147,0,0,-0.4915983593444487,2,1,1,1
0,2,1,2.276429208037271,0,0,-0.3763919797161213,2,1,1,1
1,3,0,-1.8711328943961831,4,2,-0.0164349289559981,2,7,0,2
0,2,1,-0.4118054879844123,0,0,-0.4367621349798736,2,1,1,1
0,3,0,-0.1045786655819342,0,0,-0.4961261209892301,2,1,1,2
0,2,1,1.1243286240279782,1,0,-0.1248496661171533,2,2,0,1
1,2,0,-1.6407127775943249,0,2,-0.119818819845174,2,3,0,2
0,2,1,-0.79583901598751,0,0,-0.4367621349798736,2,1,1,1
0,2,1,0.2794548624211633,0,0,-0.4010431264488202,2,1,1,1
0,3,0,-0.1045786655819342,1,0,-0.3571902456652305,0,2,0,2
1,3,0,-0.1045786655819342,1,0,-0.3361452095402864,1,2,0,2
0,2,1,-0.0277719599813147,0,0,-0.4367621349798736,2,1,1,1
0,3,1,-0.5654188991856514,0,0,-0.504678559651595,2,1,1,1
0,3,1,0.0490347456193048,0,0,-0.5026662211428032,0,1,1,1
0,1,1,1.1243286240279782,2,0,1.1630469795095626,1,3,0,5
0,3,0,-0.3349987823837927,0,0,-0.4915983593444487,2,1,1,2
1,2,0,-0.4118054879844123,0,2,-0.3562685946282038,2,3,0,3
1,1,1,0.5866816848236415,1,1,0.4095107261844238,2,3,0,1
0,2,1,1.8923956800341728,1,0,-0.1248496661171533,2,2,0,5
0,3,1,-0.1045786655819342,0,0,-0.5021631365156053,2,1,1,1
0,3,0,-0.0277719599813147,1,1,-0.4375167619206705,2,3,0,3
0,1,1,2.5068493248391293,0,0,-0.1137818043187987,2,1,1,1
0,3,1,0.0490347456193048,1,0,-0.3240711784875359,2,2,0,1
0,3,0,0.8939085072261196,0,2,-0.2413137573134755,2,3,0,3
1,3,0,-0.0277719599813147,0,2,-0.341260574029635,0,3,0,3
1,1,0,-0.1045786655819342,0,0,0.9457144205600544,0,1,1,3
1,1,0,0.0490347456193048,0,0,1.0926151317018515,2,1,1,2
1,1,0,0.4330682736224024,0,0,9.661740104981664,0,1,1,2
1,2,0,1.5851688576316951,0,1,-0.1248496661171533,2,2,0,3
0,3,1,-0.1045786655819342,0,0,-0.4921014439716465,1,1,1,1
1,3,1,-2.0247463055974224,4,2,-0.0164349289559981,2,7,0,4
0,1,1,1.7387822688329342,1,1,0.9547699438496172,2,3,0,1
0,1,1,0.8171018016255001,0,0,-0.6480576784030068,2,1,1,1
0,3,0,-0.1045786655819342,0,0,-0.4921014439716465,1,1,1,2
0,2,1,0.5098749792230219,0,0,-0.4367621349798736,2,1,1,1
0,3,1,-1.0262591327893684,4,1,0.1505891672737165,2,6,0,1
1,3,1,-0.3349987823837927,1,0,-0.4915983593444487,2,2,0,1
1,1,0,2.199622502436652,0,1,2.440127305651523,2,2,0,3
1,1,0,0.4330682736224024,0,0,2.081343448242025,2,1,1,2
0,1,1,-0.1045786655819342,0,0,-0.0242327406775661,2,1,1,1
1,3,1,-0.3349987823837927,0,0,-0.6480576784030068,2,1,1,1
1,2,0,0.8939085072261196,0,1,-0.2556516691886167,2,2,0,3
0,1,1,0.5866816848236415,0,1,-0.0503931412918588,0,2,0,1
1,3,0,-0.1045786655819342,0,0,-0.4921014439716465,1,1,1,2
1,1,0,2.583656030439749,1,0,0.9207272132963872,2,2,0,2
0,3,0,1.2011353296285976,0,0,-0.4921014439716465,2,1,1,2
0,2,1,-0.1045786655819342,0,0,-0.6480576784030068,2,1,1,1
0,3,1,-1.717519483194944,4,1,-0.0619640877174113,1,6,0,4
1,3,0,0.4330682736224024,1,1,-0.2405591303726786,2,3,0,3
0,3,1,2.737269441640988,0,0,-0.4921014439716465,1,1,1,1
0,3,1,-0.1045786655819342,0,0,-0.4900045872454856,2,1,1,1
0,3,1,-1.0262591327893684,0,0,-0.4568855200677911,2,1,1,1
1,3,1,-0.79583901598751,0,0,-0.4860644284452713,2,1,1,1
0,1,1,-0.1045786655819342,0,0,-0.1248496661171533,2,1,1,1
0,3,1,0.2794548624211633,0,0,-0.4737388550789219,0,1,1,1
1,3,1,0.0490347456193048,0,0,-0.4568855200677911,2,1,1,1
0,3,1,-0.5654188991856514,0,0,-0.4891674544258282,2,1,1,1
1,2,1,0.970715212826739,0,0,-0.38645367226008,2,1,1,1
1,3,0,-0.5654188991856514,0,0,-0.4921014439716465,1,1,1,2
1,1,0,-0.2581920767831732,0,0,0.938671235779283,2,1,1,2
1,1,0,-0.79583901598751,1,0,1.1847641366964432,0,2,0,3
0,2,1,0.5098749792230219,0,0,-0.3889690953960697,0,1,1,1
0,3,0,-0.4118054879844123,0,0,-0.4699657203749374,2,1,1,2
0,3,1,-0.4118054879844123,0,0,-0.4891674544258282,2,1,1,1
0,1,1,-0.1045786655819342,0,0,-0.090221345057865,0,1,1,1
0,3,1,-0.450208840784722,0,0,-0.502581702925434,0,1,1,1
0,1,0,-2.1015530111980416,1,2,2.401641331670881,2,4,0,2
1,1,1,-0.1045786655819342,0,0,-0.0342944332215248,2,1,1,1
1,1,0,1.5851688576316951,0,1,4.332898697266388,0,2,0,3
1,3,0,-0.1045786655819342,0,0,-0.4921014439716465,1,1,1,2
1,3,1,-0.1045786655819342,2,0,-0.1801889751089263,1,3,0,1
0,3,1,-0.79583901598751,0,0,-0.6480576784030068,2,1,1,1
1,2,0,-0.1045786655819342,0,0,-0.3995338725672263,1,1,1,2
0,3,1,-0.1045786655819342,0,0,-0.4860644284452713,2,1,1,1
1,1,1,-2.1845042532467107,1,2,2.401641331670881,2,4,0,4
1,1,0,-0.1045786655819342,0,0,1.583289667316069,0,1,1,2
1,1,0,-0.9494524271887488,1,0,1.5433789576712025,0,2,0,3
0,2,1,0.0490347456193048,1,0,-0.1650964362929882,0,2,0,1
1,1,0,0.0490347456193048,0,0,0.4975505359440627,0,1,1,2
1,1,0,-0.4118054879844123,0,0,1.025368815753558,0,1,1,2
1,1,0,-0.8726457215881294,2,2,4.631815484039331,0,5,0,2
0,2,0,-0.2581920767831732,1,1,-0.1248496661171533,2,3,0,3
0,3,1,-0.1045786655819342,0,0,-0.4891674544258282,2,1,1,1
0,2,1,1.0475219184273583,1,1,-0.119818819845174,2,3,0,1
1,3,0,-0.2581920767831732,0,0,-0.4900045872454856,2,1,1,2
1,2,0,-0.4118054879844123,1,0,-0.1248496661171533,2,2,0,3
0,2,1,1.8923956800341728,0,0,-0.3663302871721626,2,1,1,5
1,1,0,0.1258414512199243,0,2,2.669618413871151,2,3,0,2
1,1,0,0.8171018016255001,1,1,2.0585376159218884,0,3,0,3
0,3,1,-0.5654188991856514,0,0,-0.5021631365156053,2,1,1,1
0,3,1,-0.1813853711825537,0,0,-0.4891674544258282,2,1,1,1
1,2,0,0.0490347456193048,0,0,-0.3995338725672263,1,1,1,2
1,2,0,-0.5654188991856514,1,1,-0.064479510853401,2,3,0,3
0,3,1,-0.1045786655819342,8,2,0.751523754461651,2,11,0,1
1,1,0,0.5098749792230219,0,0,2.081343448242025,0,1,1,2
0,3,1,2.43004261923851,0,0,-0.5225380639171217,2,1,1,1
1,2,0,0.5098749792230219,0,0,-0.38645367226008,2,1,1,3
1,3,0,0.1258414512199243,1,1,-0.2350251994735013,2,3,0,3
1,1,0,-1.0262591327893684,0,1,0.518680090286376,0,2,0,2
1,3,0,-0.1045786655819342,2,0,-0.1801889751089263,1,3,0,2
0,1,1,1.2395386824289074,0,0,-0.0745412033973597,2,1,1,1
0,1,1,0.663488390424261,0,1,2.440127305651523,2,2,0,1
0,3,1,-1.0262591327893684,2,0,-0.2858367468204928,2,3,0,1
1,1,0,-0.1045786655819342,1,0,2.041432738597159,2,2,0,3
0,3,1,-0.1045786655819342,0,0,-0.4891674544258282,2,1,1,1
0,1,1,-0.0277719599813147,1,0,0.6921597684522944,2,2,0,1
1,1,0,0.8939085072261196,0,0,2.0585376159218884,0,1,1,2
1,3,1,1.2011353296285976,0,0,-0.4860644284452713,2,1,1,1
0,1,1,1.2011353296285976,0,0,0.0663224922180622,2,1,1,1
1,2,1,-2.1015530111980416,1,1,-0.1248496661171533,2,3,0,4
1,1,0,-0.4118054879844123,3,2,4.644392599719279,2,6,0,2
0,2,1,-0.1045786655819342,0,0,-0.38645367226008,2,1,1,1
0,2,1,-0.3349987823837927,0,0,-0.38645367226008,2,1,1,1
0,2,1,0.5098749792230219,0,0,-0.38645367226008,2,1,1,1
1,2,0,-0.4118054879844123,0,0,-0.38645367226008,2,1,1,2
1,2,0,0.8171018016255001,0,0,-0.38645367226008,2,1,1,2
1,3,0,-0.1045786655819342,1,0,-0.3240711784875359,2,2,0,3
1,3,1,-2.0247463055974224,1,1,-0.3280958555051195,2,3,0,4
0,3,1,0.970715212826739,0,0,-0.4737388550789219,2,1,1,1
0,3,1,-0.4886121935850318,0,0,-0.4624194509669683,2,1,1,1
0,1,1,-0.1045786655819342,0,0,0.0562607996741035,2,1,1,1
0,3,1,-1.103065838389988,1,1,-0.502581702925434,0,3,0,1
0,3,1,-0.3349987823837927,1,0,-0.2898614238380763,2,2,0,1
0,3,1,-0.1045786655819342,0,0,-0.5026662211428032,0,1,1,1
0,3,1,-0.1045786655819342,0,0,-0.4568855200677911,2,1,1,1
1,1,0,-0.5654188991856514,0,1,0.4587285014324523,2,2,0,2
0,2,0,0.663488390424261,0,0,-0.38645367226008,2,1,1,2
1,3,0,-0.1045786655819342,0,0,-0.4895015026182876,1,1,1,2
1,3,0,-0.1045786655819342,0,0,-0.4895015026182876,1,1,1,2
0,3,1,0.8171018016255001,1,4,-0.0866152344501102,2,6,0,1
0,2,1,-0.0277719599813147,1,0,-0.090221345057865,0,2,0,1
0,3,0,1.2011353296285976,0,1,-0.3571902456652305,0,2,0,3
0,3,1,0.4330682736224024,0,0,-0.5061878135331888,2,1,1,1
0,3,1,-0.1045786655819342,1,0,-0.3361452095402864,1,2,0,1
0,3,1,0.0490347456193048,0,0,-0.5021631365156053,2,1,1,1
1,1,0,2.3532359136378904,1,0,0.8662270494627804,0,2,0,3
1,3,0,-0.1045786655819342,0,0,-0.502581702925434,0,1,1,3
1,3,0,-0.1045786655819342,0,0,-0.4921014439716465,1,1,1,2
1,1,0,-0.4118054879844123,0,0,0.7464929081896716,0,1,1,3
1,1,1,-0.3349987823837927,1,0,0.4676170006257854,0,2,0,1
0,3,1,-0.8726457215881294,1,0,-0.5173401935489127,2,2,0,1
0,3,1,-0.79583901598751,0,0,-0.4860644284452713,2,1,1,1
0,1,1,-0.5654188991856514,0,0,2.081343448242025,0,1,1,1
0,3,0,-2.0247463055974224,3,1,-0.2239573376751467,2,5,0,2
1,1,0,-0.1045786655819342,1,0,1.0054969729792391,0,2,0,3
1,3,0,-0.5654188991856514,0,0,-0.5021631365156053,2,1,1,2
0,1,1,-0.1813853711825537,0,2,3.608038267691532,0,3,0,1
0,3,1,-0.7190323103868904,0,0,-0.5673125957377381,0,1,1,1
0,3,1,-0.79583901598751,0,0,-0.4915983593444487,2,1,1,1
1,1,0,0.970715212826739,0,0,3.930515513725408,0,1,1,2
1,3,0,-2.178359716798661,0,2,-0.3312813873645368,0,3,0,2
0,3,1,0.2026481568205438,0,0,-0.488579851581261,2,1,1,1
1,1,0,0.4330682736224024,1,0,0.3983583461687,2,2,0,3
0,3,1,-0.1045786655819342,0,0,-0.4891674544258282,2,1,1,1
0,2,1,-0.8726457215881294,0,0,0.8310111255589249,2,1,1,1
0,3,1,-2.178359716798661,5,2,0.295729082220321,2,8,0,4
1,2,0,0.5098749792230219,0,0,-0.38645367226008,2,1,1,2
0,3,1,-0.1045786655819342,0,0,-0.4925200103814753,1,1,1,1
1,2,0,-0.9494524271887488,0,0,-0.4065770573479975,0,1,1,2
1,1,1,0.5098749792230219,1,2,1.7667485321470855,2,4,0,1
1,3,1,-0.6422256047862709,0,0,-0.49117979293462,2,1,1,1
0,3,1,-0.1045786655819342,2,0,-0.488579851581261,2,3,0,1
1,1,0,-0.4886121935850318,1,0,1.6314187674308411,0,2,0,2
1,3,0,-0.4118054879844123,0,2,-0.3119971474347855,2,3,0,3
0,3,1,-0.5654188991856514,0,0,-0.49117979293462,2,1,1,1
0,3,0,0.1258414512199243,0,0,-0.4900045872454856,2,1,1,2
0,2,1,1.2779420352292172,0,0,-0.1248496661171533,2,1,1,1
0,2,1,-0.4886121935850318,0,0,-0.4367621349798736,2,1,1,5
1,2,0,-0.1045786655819342,0,0,-0.3934968570408512,2,1,1,3
1,3,1,0.7402950960248805,0,0,-0.488579851581261,2,1,1,1
0,3,1,-0.2581920767831732,0,0,-0.4860644284452713,2,1,1,1
0,3,0,-0.6422256047862709,1,0,-0.4503454199142179,2,2,0,2
0,3,1,-0.1045786655819342,1,0,-0.3291020247595153,2,2,0,1
0,3,0,-0.7190323103868904,0,0,-0.4737388550789219,2,1,1,2
0,2,1,0.3562615680217829,1,0,-0.2254665915567405,2,2,0,1
0,3,1,1.6619755632323148,0,0,-0.4921014439716465,2,1,1,1
1,2,1,-2.0247463055974224,1,1,-0.2707442080045548,2,3,0,4
0,3,1,-0.6422256047862709,0,0,-0.4915983593444487,2,1,1,1
0,3,0,-0.1045786655819342,3,1,-0.1355814673845397,2,5,0,2
0,3,1,-0.1045786655819342,0,0,-0.4891674544258282,2,1,1,1
0,3,1,-0.1045786655819342,0,0,-0.5100454664545425,1,1,1,1
1,1,0,0.2794548624211633,1,0,1.1630469795095626,1,2,0,2
0,2,1,-0.1045786655819342,0,0,-0.6480576784030068,2,1,1,1
1,3,1,1.1243286240279782,0,0,-0.488579851581261,2,1,1,1
0,3,0,-0.1045786655819342,0,0,-0.4860644284452713,2,1,1,3
1,2,0,0.3562615680217829,1,1,0.0059523369543099,2,3,0,3
1,2,0,-0.8726457215881294,0,2,-0.38645367226008,2,3,0,2
0,2,1,0.0490347456193048,0,0,-0.38645367226008,2,1,1,1
0,3,0,-1.4870993663930856,0,2,-0.1620779285298006,2,3,0,2
0,3,1,-0.1045786655819342,0,0,-0.4891674544258282,0,1,1,1
0,3,1,-0.6422256047862709,0,0,-0.4924375045026148,1,1,1,1
0,3,1,-0.0277719599813147,0,0,-0.4895860208356569,2,1,1,1
0,3,0,-0.1045786655819342,1,1,-0.3582809331369956,2,3,0,3
0,3,1,-0.8726457215881294,1,1,-0.2413137573134755,2,3,0,1
0,3,1,-0.1045786655819342,0,0,-0.5021631365156053,2,1,1,1
1,2,0,-0.1045786655819342,1,0,-0.1248496661171533,2,2,0,3
1,2,0,-0.79583901598751,0,0,-0.1248496661171533,2,1,1,2
0,3,1,-0.1045786655819342,0,0,-0.4921014439716465,1,1,1,1
1,3,1,0.2026481568205438,0,0,-0.4860644284452713,2,1,1,1
1,1,1,-0.1045786655819342,0,0,-0.1137818043187987,2,1,1,1
1,3,0,-0.1045786655819342,1,0,-0.3240711784875359,2,2,0,3
1,2,0,0.970715212826739,1,0,-0.1248496661171533,2,2,0,3
0,3,1,-0.9494524271887488,0,0,-0.504678559651595,2,1,1,1
0,1,1,1.5851688576316951,1,0,0.4768395480115779,2,2,0,1
1,1,0,-1.1798725439906077,1,2,1.7667485321470855,2,4,0,2
0,3,0,-0.6422256047862709,2,2,0.0436836839941551,2,5,0,2
1,2,0,-0.4118054879844123,2,3,-0.2707442080045548,2,6,0,3
0,1,1,2.6604627360403685,1,4,4.644392599719279,2,6,0,1
0,2,1,0.1258414512199243,0,0,-0.4367621349798736,2,1,1,1
1,2,0,1.2011353296285976,1,1,-0.119818819845174,2,3,0,3
0,3,1,-0.7190323103868904,0,0,-0.4568855200677911,2,1,1,1
0,3,1,-0.3349987823837927,1,0,-0.4915983593444487,2,2,0,1
1,2,0,-0.1045786655819342,0,0,-0.38645367226008,2,1,1,2
1,3,1,-0.1045786655819342,0,0,-0.4848067168772765,2,1,1,1
1,1,1,-1.9479395999968028,0,2,0.9992084151392652,2,3,0,4
1,2,0,-1.2566792495912271,0,1,-0.2556516691886167,2,2,0,2
1,1,1,0.3562615680217829,0,0,-0.1137818043187987,2,1,1,1
1,3,0,-1.8711328943961831,2,1,-0.2605154913643663,0,4,0,2
1,1,1,1.7387822688329342,0,0,-0.0342944332215248,2,1,1,5
0,2,1,0.5098749792230219,1,2,-0.0896337422132978,2,4,0,1
0,3,1,-0.1045786655819342,1,0,-0.2462600853680856,2,2,0,1
0,1,1,0.0490347456193048,0,0,-0.0896337422132978,0,1,1,1
1,1,1,1.5083621520310757,1,0,1.1450204511478064,0,2,0,1
0,3,1,-0.1045786655819342,0,0,-0.4860644284452713,2,1,1,1
1,3,1,-0.0277719599813147,0,0,-0.4891674544258282,0,1,1,1
0,1,1,2.737269441640988,0,0,-0.1137818043187987,2,1,1,1
1,1,0,-0.1045786655819342,1,0,0.3955913807191113,2,2,0,3
1,2,0,1.5851688576316951,0,0,-0.4367621349798736,2,1,1,2
0,3,1,-0.1045786655819342,0,0,-0.4921014439716465,1,1,1,1
1,1,1,1.431555446430456,0,0,-0.1137818043187987,2,1,1,1
0,3,1,0.3562615680217829,0,0,-0.4860644284452713,2,1,1,1
0,1,1,1.3547487408298369,0,0,0.1266926474818146,2,1,1,1
0,2,1,1.431555446430456,0,0,-0.38645367226008,2,1,1,1
0,3,1,-0.1045786655819342,0,0,-0.4860644284452713,2,1,1,1
0,3,1,0.663488390424261,0,0,-0.5061878135331888,2,1,1,1
0,2,1,-0.1045786655819342,0,0,-0.6480576784030068,2,1,1,1
0,1,1,2.0460090912354123,0,0,-0.1137818043187987,2,1,1,1
0,3,1,-0.1045786655819342,0,0,-0.4926045285988445,1,1,1,1
1,3,0,-2.197561393198816,2,1,-0.2605154913643663,0,4,0,2
0,3,1,-0.1045786655819342,0,0,-0.5021631365156053,2,1,1,1
0,3,1,0.663488390424261,0,0,-0.4737388550789219,2,1,1,1
1,2,0,0.2794548624211633,1,2,-0.0896337422132978,2,4,0,3
1,2,0,-0.4886121935850318,0,0,-0.3705219882859758,0,1,1,3
0,3,0,-0.5654188991856514,0,0,-0.450093877600619,2,1,1,2
0,1,1,-0.1045786655819342,0,0,0.3983583461687,2,1,1,1
0,2,1,0.3562615680217829,1,0,-0.2254665915567405,2,2,0,1
0,3,1,-0.0277719599813147,1,0,-0.5062723317505581,2,2,0,1
0,3,1,-0.5654188991856514,0,0,-0.4967137238337972,2,1,1,1
1,3,0,-2.1015530111980416,0,1,-0.4007915841352212,2,2,0,2
0,3,1,-1.563906071993705,5,2,0.295729082220321,2,8,0,4
0,2,1,-0.1045786655819342,0,0,-0.6480576784030068,2,1,1,1
0,3,1,1.5851688576316951,0,0,-0.4860644284452713,2,1,1,1
1,3,0,2.583656030439749,0,0,-0.4551247238725983,2,1,1,3
1,1,1,-0.3349987823837927,1,0,1.1847641366964432,0,2,0,1
0,3,0,-0.1045786655819342,3,1,-0.1355814673845397,2,5,0,2
1,1,0,0.4330682736224024,1,0,1.1630469795095626,2,2,0,3
0,1,1,2.199622502436652,0,0,-0.0503931412918588,0,1,1,1
0,3,1,0.0490347456193048,0,0,-0.4860644284452713,2,1,1,1
1,3,1,-1.563906071993705,1,1,-0.3280958555051195,2,3,0,4
0,3,1,-0.1045786655819342,1,0,-0.2462600853680856,2,2,0,1
0,3,1,-0.6422256047862709,0,0,-0.5021631365156053,2,1,1,1
0,1,1,1.9692023856347929,0,0,-0.0342944332215248,2,1,1,1
0,1,1,3.198109675244705,0,0,0.3481344016662756,0,1,1,1
0,3,1,-0.6422256047862709,0,0,-0.4860644284452713,2,1,1,1
0,3,1,-0.1045786655819342,0,0,-0.35710773978637,0,1,1,1
1,1,0,1.8923956800341728,1,0,0.926933265257501,0,2,0,2
0,3,1,-0.1045786655819342,0,0,-0.3441945635754534,2,1,1,1
0,1,0,-0.3349987823837927,1,2,2.401641331670881,2,4,0,3
0,3,1,-0.4118054879844123,0,0,-0.49117979293462,2,1,1,1
0,3,1,-0.9494524271887488,0,0,-0.4737388550789219,2,1,1,1
0,3,0,-0.6422256047862709,0,0,-0.4921014439716465,1,1,1,2
0,3,0,-0.1045786655819342,0,0,-0.494532348890267,1,1,1,2
0,3,0,0.5866816848236415,0,0,-0.4551247238725983,2,1,1,2
1,1,0,-1.0262591327893684,0,0,1.0926151317018515,2,1,1,2
0,1,1,-0.8726457215881294,1,0,1.5433789576712025,0,2,0,1
1,2,0,0.2794548624211633,0,2,-0.1248496661171533,2,3,0,3
1,1,1,-0.1045786655819342,0,0,-0.1137818043187987,2,1,1,1
0,3,1,-0.1045786655819342,0,0,-0.1947784292976664,2,1,1,1
1,3,1,-0.2581920767831732,0,0,0.4888290608469592,2,1,1,1
1,3,1,-0.0277719599813147,0,0,-0.4921014439716465,1,1,1,1
0,3,1,-0.1045786655819342,0,0,-0.4860644284452713,2,1,1,1
1,1,1,0.5098749792230219,0,0,-0.119064192904377,2,1,1,1
1,1,0,1.8923956800341728,1,0,0.547271395819289,0,2,0,3
0,3,1,-0.4118054879844123,0,0,-0.4972168084609952,2,1,1,1
0,1,1,1.3547487408298369,0,0,0.0365559809960148,2,1,1,1
1,2,0,0.3562615680217829,0,0,-0.4367621349798736,2,1,1,3
0,3,1,-0.1045786655819342,0,0,-0.1620779285298006,1,1,1,1
1,2,0,0.5098749792230219,1,0,-0.1248496661171533,2,2,0,3
0,3,1,0.2026481568205438,0,0,-0.4891674544258282,2,1,1,1
1,1,0,0.0490347456193048,0,0,1.2334788273172737,2,1,1,2
0,3,1,-0.5654188991856514,0,0,-0.4891674544258282,2,1,1,1
0,3,1,-0.1045786655819342,0,0,-0.5026662211428032,0,1,1,1
1,1,0,1.1243286240279782,0,1,0.518680090286376,0,2,0,3
0,3,1,-0.1045786655819342,0,0,-0.502581702925434,0,1,1,1
0,3,1,0.8555051544258098,0,0,-0.4921014439716465,1,1,1,1
1,2,0,1.5851688576316951,0,0,-0.4367621349798736,2,1,1,2
0,1,1,-0.1045786655819342,0,0,3.814890567687253,2,1,1,1
0,3,1,0.7402950960248805,0,0,-0.488579851581261,2,1,1,1
0,2,1,-0.4886121935850318,2,1,-0.4166387498919562,2,4,0,1
1,2,0,-2.1015530111980416,1,1,-0.1248496661171533,2,3,0,2
0,3,1,-0.1045786655819342,0,0,-0.502581702925434,0,1,1,1
0,3,1,-0.9494524271887488,1,1,-0.502581702925434,0,3,0,1
1,3,0,-0.1045786655819342,0,2,-0.1981329975918223,0,3,0,3
0,3,0,0.0490347456193048,0,0,-0.4737388550789219,2,1,1,2
1,2,0,-1.717519483194944,0,2,-0.119818819845174,2,3,0,2
0,1,1,1.2011353296285976,0,0,-0.1137818043187987,2,1,1,5
1,1,0,0.0490347456193048,0,0,1.4935735795786065,0,1,1,2
0,3,1,-0.1045786655819342,0,0,-0.3562685946282038,2,1,1,1
1,1,0,-0.5654188991856514,0,2,0.3480498834489064,0,3,0,2
1,1,0,0.5098749792230219,0,2,0.7807026628391313,2,3,0,2
0,3,0,-1.563906071993705,4,2,-0.0186988097783889,2,7,0,2
0,3,0,-1.410292660792466,4,2,-0.0186988097783889,2,7,0,2
1,2,1,0.2026481568205438,1,0,-0.1248496661171533,2,2,0,1
0,1,1,1.5851688576316951,1,0,1.4935735795786065,0,2,0,1
0,1,1,2.6604627360403685,0,0,-0.1248496661171533,2,1,1,1
1,2,0,-0.79583901598751,1,0,-0.1248496661171533,2,2,0,3
1,2,1,-0.1045786655819342,0,0,-0.3690972526217512,0,1,1,1
0,3,1,0.2794548624211633,1,1,-0.2350251994735013,2,3,0,1
1,2,1,-1.6407127775943249,1,1,0.0914767235779591,2,3,0,4
1,1,1,-0.9494524271887488,0,2,1.583289667316069,0,3,0,1
0,2,1,-0.1813853711825537,0,0,-0.1248496661171533,2,1,1,1
0,3,1,-0.1045786655819342,0,0,-0.4905076718726835,1,1,1,1
1,3,1,-0.5654188991856514,0,0,-0.5026662211428032,0,1,1,1
1,3,0,-0.5654188991856514,0,0,-0.4915983593444487,2,1,1,2
0,1,1,2.5068493248391293,0,0,-0.1137818043187987,2,1,1,1
1,1,0,1.431555446430456,1,0,0.1488283710785238,0,2,0,5
0,1,1,-0.1045786655819342,0,0,3.930515513725408,0,1,1,1
1,1,0,0.7402950960248805,1,1,0.9547699438496172,2,3,0,3
1,3,0,0.5098749792230219,1,0,-0.2979107778732433,2,2,0,3
0,3,1,-0.1045786655819342,0,0,-0.4921014439716465,1,1,1,1
0,3,1,0.8171018016255001,0,0,-0.4891674544258282,2,1,1,1
0,2,1,-0.1045786655819342,0,0,-0.3763919797161213,2,1,1,1
0,3,1,-0.1045786655819342,0,0,-0.4860644284452713,2,1,1,1
0,3,0,-0.1045786655819342,0,0,-0.4860644284452713,2,1,1,2
0,3,1,-0.4118054879844123,2,0,-0.1620779285298006,2,3,0,1
0,3,1,-0.79583901598751,0,0,-0.4891674544258282,2,1,1,1
0,3,0,-0.0277719599813147,0,4,-0.2239573376751467,2,5,0,3
0,3,1,-0.1045786655819342,0,0,-0.502581702925434,0,1,1,1
1,3,1,0.2026481568205438,0,0,-0.4900045872454856,2,1,1,1
1,2,1,2.5068493248391293,0,0,-0.4367621349798736,2,1,1,1
1,1,0,1.8155889744335536,2,0,0.3878780872149125,2,3,0,3
1,1,1,0.5098749792230219,0,0,-0.1170518543955853,2,1,1,1
1,3,0,-0.1045786655819342,0,0,-0.4921014439716465,1,1,1,2
0,3,1,-1.0262591327893684,0,0,-0.4860644284452713,2,1,1,1
0,3,1,-0.79583901598751,0,0,-0.3562685946282038,2,1,1,1
1,2,0,0.3562615680217829,0,0,-0.38645367226008,2,1,1,2
1,1,0,0.7402950960248805,1,0,0.4768395480115779,2,2,0,3
0,3,0,-0.1045786655819342,1,0,-0.35710773978637,0,2,0,3
1,3,1,0.2026481568205438,0,0,-0.488579851581261,2,1,1,1
1,2,0,-0.3349987823837927,1,1,-0.0443561257654836,2,3,0,2
1,1,0,0.7402950960248805,1,1,1.583289667316069,0,3,0,3
0,2,1,1.8923956800341728,0,0,-0.1248496661171533,2,1,1,1
0,1,1,0.5098749792230219,0,0,0.1593931482496804,0,1,1,1
0,3,1,-0.1045786655819342,0,0,-0.4727326858245261,0,1,1,1
1,1,0,-0.8726457215881294,0,2,0.9547699438496172,2,3,0,2
0,2,1,1.3547487408298369,0,0,-0.3462069020842451,2,1,1,1
1,1,1,2.3532359136378904,1,1,0.9457144205600544,0,3,0,1
0,3,1,-0.5654188991856514,0,0,-0.4860644284452713,2,1,1,1
0,3,1,-0.1045786655819342,0,0,-0.4860644284452713,2,1,1,1
0,3,1,0.4330682736224024,0,0,-0.504678559651595,2,1,1,1
1,1,0,1.7387822688329342,1,0,0.926933265257501,0,2,0,3
0,3,1,1.3547487408298369,0,0,-0.5021631365156053,2,1,1,1
0,3,0,-0.1045786655819342,0,2,-0.4921014439716465,1,3,0,2
0,2,1,0.5866816848236415,1,0,-0.1248496661171533,2,2,0,1
0,3,1,0.5098749792230219,1,1,-0.1620779285298006,2,3,0,1
1,2,0,-0.1045786655819342,0,0,0.0160140294982686,2,1,1,2
0,3,1,1.5083621520310757,0,0,-0.6480576784030068,2,1,1,1
0,3,1,-0.1045786655819342,0,0,-0.5026662211428032,0,1,1,1
1,1,1,1.5083621520310757,1,0,0.4975505359440627,0,2,0,5
1,2,0,-0.4118054879844123,2,1,-0.1047262810292359,2,4,0,3
0,3,1,-0.1045786655819342,0,0,-0.4891674544258282,2,1,1,1
0,1,1,-0.1045786655819342,0,0,0.2051738493246925,2,1,1,1
0,3,1,1.1243286240279782,0,0,-0.4860644284452713,2,1,1,1
1,1,1,0.4330682736224024,0,0,-0.1137818043187987,0,1,1,1
0,3,1,0.5098749792230219,1,0,-0.3351390402858906,2,2,0,1
0,3,1,0.0490347456193048,0,0,-0.4891674544258282,2,1,1,1
1,1,1,-0.1813853711825537,0,0,-0.0342944332215248,2,1,1,1
1,2,0,-0.5654188991856514,1,2,0.1886565748445299,0,4,0,3
1,1,0,0.8171018016255001,0,0,2.440127305651523,2,1,1,2
0,3,0,0.7402950960248805,1,5,-0.0186988097783889,2,7,0,3
0,3,1,-0.1045786655819342,0,0,-0.5061878135331888,2,1,1,1
1,3,0,-0.1045786655819342,1,0,-0.3361452095402864,1,2,0,2
0,3,1,-0.1045786655819342,0,0,-0.4921014439716465,1,1,1,1
0,3,1,0.4330682736224024,0,0,-0.4860644284452713,2,1,1,1
1,2,0,-0.4118054879844123,1,2,0.6599623523116267,2,4,0,2
0,3,1,0.3562615680217829,1,1,-0.3582809331369956,2,3,0,1
0,3,0,-0.2581920767831732,1,0,-0.3240711784875359,2,2,0,3
1,2,0,-1.9479395999968028,2,1,0.1367543400257733,2,4,0,2
0,2,1,-0.2581920767831732,0,0,-0.4367621349798736,2,1,1,1
0,3,1,-0.1813853711825537,1,0,-0.3571902456652305,0,2,0,1
1,1,1,0.970715212826739,1,0,0.4095107261844238,2,2,0,1
1,3,1,-0.7190323103868904,1,1,-0.3312813873645368,0,3,0,1
0,3,1,-0.6422256047862709,0,0,-0.4900045872454856,2,1,1,1
0,3,1,-0.6422256047862709,0,0,-0.3240711784875359,2,1,1,1
0,1,1,2.43004261923851,0,0,0.0023462263465551,2,1,1,1
0,2,1,2.122815796836032,0,0,-0.3995338725672263,1,1,1,5
1,1,0,-0.6422256047862709,0,0,0.9207272132963872,2,1,1,2
0,3,1,-0.2581920767831732,0,0,-0.4891674544258282,2,1,1,1
0,3,1,-0.1045786655819342,0,0,-0.4924375045026148,1,1,1,1
1,1,1,3.889370025650281,0,0,-0.0443561257654836,2,1,1,1
0,3,1,1.6619755632323148,0,0,-0.5061032953158195,2,1,1,1
1,1,1,0.2026481568205438,0,0,-0.0342944332215248,0,1,1,5
0,1,1,-0.1045786655819342,0,0,-0.6480576784030068,2,1,1,1
0,3,0,-1.563906071993705,3,2,-0.0866152344501102,2,6,0,2
1,2,0,-0.1045786655819342,0,0,-0.38645367226008,2,1,1,2
0,3,1,0.2026481568205438,0,0,-0.488579851581261,2,1,1,1
0,2,1,0.1258414512199243,1,1,-0.119818819845174,2,3,0,1
0,3,0,0.8939085072261196,0,5,0.1505891672737165,2,6,0,3
0,3,1,-0.1045786655819342,1,0,-0.3240711784875359,2,2,0,1
0,3,1,-0.7190323103868904,0,0,-0.4900045872454856,2,1,1,1
1,1,0,-0.4118054879844123,0,0,0.7464929081896716,0,1,1,2
0,3,0,-2.1015530111980416,3,2,-0.0866152344501102,2,6,0,2
1,3,1,-0.1045786655819342,0,0,0.4888290608469592,2,1,1,1
1,3,0,-2.197561393198816,2,1,-0.2605154913643663,0,4,0,2
1,1,1,1.431555446430456,1,0,0.895993560684828,0,2,0,1
0,3,1,-0.79583901598751,0,0,-0.4891674544258282,2,1,1,1
1,1,1,2.0460090912354123,0,0,0.0663224922180622,0,1,1,5
0,3,1,-0.1045786655819342,0,0,-0.4961261209892301,2,1,1,1
1,3,0,-0.4886121935850318,0,0,-0.4961261209892301,2,1,1,2
0,3,1,-0.1045786655819342,0,0,-0.4891674544258282,2,1,1,1
1,2,0,-0.8726457215881294,0,1,-0.1852198213809056,2,2,0,2
0,3,1,-0.6422256047862709,0,0,-0.4783511349410726,2,1,1,1
1,3,0,-0.1045786655819342,0,0,-0.4905076718726835,1,1,1,2
0,3,0,-0.8726457215881294,0,0,-0.512224829059564,1,1,1,2
0,2,1,-0.4118054879844123,2,0,0.8310111255589249,2,3,0,1
0,3,1,-0.1045786655819342,0,0,-0.4891674544258282,2,1,1,1
0,3,0,0.2026481568205438,1,1,-0.3361452095402864,1,3,0,3
0,2,1,-0.4886121935850318,0,0,-0.38645367226008,2,1,1,1
0,1,1,2.199622502436652,0,2,1.6314187674308411,0,3,0,1
1,1,1,1.5851688576316951,2,0,2.041432738597159,2,3,0,5
0,3,1,0.8171018016255001,0,0,-0.5026662211428032,0,1,1,1
0,1,1,1.3547487408298369,0,0,-0.1331505624659193,2,1,1,1
0,3,1,0.5098749792230219,0,0,-0.4972168084609952,2,1,1,1
1,3,1,-0.7190323103868904,1,0,-0.488579851581261,2,2,0,1
0,2,1,0.2026481568205438,2,0,0.8310111255589249,2,3,0,1
0,2,1,-0.3349987823837927,0,0,-0.38645367226008,2,1,1,1
0,3,1,-0.1045786655819342,0,0,-0.4915983593444487,2,1,1,1
0,3,1,1.0475219184273583,0,0,-0.4860644284452713,2,1,1,1
1,1,0,-0.1045786655819342,1,0,0.3983583461687,2,2,0,3
1,2,0,0.8171018016255001,1,1,0.1367543400257733,2,3,0,3
0,1,1,0.1258414512199243,1,0,0.3983583461687,2,2,0,1
0,2,1,3.121302969644085,0,0,-0.4367621349798736,2,1,1,1
1,2,1,0.1258414512199243,0,0,-0.38645367226008,2,1,1,1
0,2,1,-0.1045786655819342,0,0,-0.6480576784030068,2,1,1,1
0,3,1,-0.8726457215881294,0,0,-0.4915983593444487,2,1,1,1
0,3,1,-0.3734021351841025,0,0,-0.4860644284452713,2,1,1,1
1,3,0,-0.8726457215881294,0,0,-0.4500093593832497,2,1,1,2
0,3,0,1.0475219184273583,1,6,0.295729082220321,2,8,0,3
1,1,1,0.5098749792230219,0,1,9.661740104981664,0,2,0,1
0,3,0,-0.1045786655819342,0,0,-0.4843036322500786,1,1,1,2
1,1,1,-0.1813853711825537,0,0,0.895993560684828,0,1,1,1
0,3,1,-0.7190323103868904,0,0,-0.4624194509669683,2,1,1,1
0,3,1,-1.1798725439906077,5,2,0.295729082220321,2,8,0,1
0,2,1,2.3532359136378904,1,1,0.1367543400257733,2,3,0,1
0,2,1,-0.3349987823837927,1,2,0.1886565748445299,0,4,0,1
0,3,1,-1.1798725439906077,4,1,0.1505891672737165,2,6,0,1
0,3,1,-0.79583901598751,0,0,-0.443386753350816,2,1,1,1
0,3,1,-0.8726457215881294,0,0,-0.49117979293462,2,1,1,1
1,1,0,-1.103065838389988,0,1,3.604768217614744,2,2,0,2
1,1,1,0.1258414512199243,1,0,0.4989752716082872,2,2,0,1
1,3,0,-1.9479395999968028,0,1,-0.3780682576939448,0,2,0,2
1,3,1,-0.1045786655819342,0,0,0.4888290608469592,2,1,1,1
0,3,1,-0.3349987823837927,0,0,-0.5026662211428032,0,1,1,1
0,1,1,2.3532359136378904,0,0,-0.1137818043187987,2,1,1,5
0,2,1,1.7387822688329342,0,0,-0.3763919797161213,2,1,1,1
0,3,1,1.1243286240279782,0,0,-0.4860644284452713,2,1,1,1
1,3,0,-0.1045786655819342,0,0,-0.4924375045026148,1,1,1,2
0,1,1,1.5083621520310757,1,1,1.583289667316069,0,3,0,1
0,3,1,0.970715212826739,0,0,-0.4941137824804383,2,1,1,1
1,1,0,-0.8726457215881294,1,0,3.930515513725408,0,2,0,3
1,1,1,0.4330682736224024,0,0,-0.119064192904377,2,1,1,1
0,3,0,-0.8726457215881294,0,1,-0.3571902456652305,0,2,0,2
0,3,1,-0.3349987823837927,0,0,-0.4922684680678763,1,1,1,1
0,3,1,-0.2581920767831732,1,0,-0.4900045872454856,2,2,0,1
0,2,1,0.7402950960248805,0,0,-0.1248496661171533,2,1,1,1
1,2,0,1.2011353296285976,0,0,-0.3763919797161213,2,1,1,3
1,1,1,0.970715212826739,0,0,-0.119064192904377,2,1,1,1
1,1,0,-0.5654188991856514,0,0,2.401641331670881,2,1,1,2
1,3,1,-0.1045786655819342,1,1,-0.341260574029635,0,3,0,4
1,1,0,-0.4118054879844123,0,0,0.3481344016662756,0,1,1,2
0,1,1,-0.1045786655819342,0,0,-0.1137818043187987,2,1,1,1
1,1,1,1.431555446430456,1,0,0.3983583461687,2,2,0,1
0,3,1,-0.0277719599813147,0,0,-0.4572215805987593,2,1,1,1
0,2,1,1.7387822688329342,0,0,-0.38645367226008,2,1,1,1
0,3,1,-0.79583901598751,0,0,-0.4941137824804383,2,1,1,1
1,1,0,0.663488390424261,0,0,3.930515513725408,0,1,1,2
1,2,0,-0.1813853711825537,0,0,-0.4367621349798736,2,1,1,2
0,3,1,-0.1045786655819342,0,0,-0.3361452095402864,1,1,1,1
0,3,1,0.2794548624211633,0,0,-0.4915983593444487,2,1,1,1
1,2,0,-1.7943261887955635,0,1,0.0160140294982686,2,2,0,2
0,3,1,-0.9494524271887488,1,0,-0.5061032953158195,2,2,0,1
0,2,1,0.3562615680217829,0,0,-0.38645367226008,2,1,1,1
0,2,1,1.5851688576316951,0,0,-0.38645367226008,2,1,1,1
1,1,1,-0.1813853711825537,1,0,0.4204940697654092,2,2,0,1
0,3,1,-0.7190323103868904,0,0,-0.4737388550789219,2,1,1,1
1,2,0,0.0490347456193048,3,0,-0.2254665915567405,2,4,0,3
1,3,0,-0.1045786655819342,0,0,-0.4923529862852455,1,1,1,2
0,2,1,-0.3349987823837927,1,0,-0.1248496661171533,2,2,0,1
0,3,0,-0.3349987823837927,1,0,-0.488579851581261,2,2,0,2
1,1,0,-0.0277719599813147,0,0,3.604768217614744,2,1,1,2
0,3,1,-1.410292660792466,0,0,-0.2699895810637578,0,1,1,1
0,2,1,-0.1045786655819342,0,0,-0.6480576784030068,2,1,1,1
0,2,1,-0.4886121935850318,0,0,-0.38645367226008,2,1,1,1
0,2,1,-0.4886121935850318,0,0,-0.38645367226008,2,1,1,1
0,3,1,-0.0661753127816244,0,0,-0.3240711784875359,2,1,1,1
0,3,0,1.431555446430456,1,3,0.0436836839941551,2,5,0,3
1,1,1,0.4330682736224024,0,0,9.661740104981664,0,1,1,1
0,3,1,-0.1045786655819342,0,0,-0.4891674544258282,2,1,1,1
0,3,1,-0.1045786655819342,0,0,-0.4891674544258282,2,1,1,1
1,1,1,-0.1045786655819342,0,0,-0.0443561257654836,2,1,1,1
0,1,1,0.5098749792230219,1,0,0.938671235779283,2,2,0,1
1,1,0,-0.6422256047862709,2,2,4.631815484039331,0,5,0,2
0,3,1,-0.4118054879844123,1,0,-0.3240711784875359,2,2,0,1
1,3,1,0.1258414512199243,0,0,-0.488579851581261,2,1,1,1
0,1,1,3.121302969644085,1,1,0.7807026628391313,2,3,0,5
0,3,1,-1.0262591327893684,1,1,-0.2405591303726786,2,3,0,1
1,2,0,0.0490347456193048,0,0,-0.38645367226008,2,1,1,2
0,1,1,-0.79583901598751,1,0,0.4204940697654092,2,2,0,1
0,3,1,0.1258414512199243,0,0,-0.4921014439716465,1,1,1,1
1,2,0,-1.9479395999968028,1,1,-0.1852198213809056,2,3,0,2
1,3,1,-1.7943261887955635,0,1,-0.3970184494312366,2,2,0,4
0,3,1,0.2794548624211633,0,0,-0.4568855200677911,2,1,1,1
0,3,1,-0.4886121935850318,0,0,-0.4891674544258282,2,1,1,1
1,2,0,1.431555446430456,1,2,0.6599623523116267,2,4,0,3
1,2,1,-2.203705929646865,1,1,-0.3562685946282038,2,3,0,4
0,3,1,-0.1045786655819342,0,0,-0.49117979293462,2,1,1,1
0,2,1,-0.8726457215881294,0,0,-0.4166387498919562,2,1,1,1
0,3,1,0.3562615680217829,0,0,-0.4860644284452713,2,1,1,1
1,1,0,0.2794548624211633,0,0,1.0926151317018515,2,1,1,5
0,3,1,-0.1045786655819342,0,0,-0.3562685946282038,2,1,1,1
0,3,1,0.8939085072261196,0,0,-0.504678559651595,2,1,1,1
1,3,1,-0.7190323103868904,0,0,-0.502581702925434,0,1,1,1
1,1,0,0.5098749792230219,1,2,1.7667485321470855,2,4,0,3
0,3,1,-1.0262591327893684,0,0,-0.4915983593444487,2,1,1,1
1,1,0,1.6619755632323148,1,0,0.9207272132963872,2,2,0,3
0,1,1,-0.1045786655819342,0,0,0.1488283710785238,0,1,1,5
0,3,0,0.0874380984196145,0,0,-0.4921014439716465,1,1,1,2
0,3,1,-0.1045786655819342,1,0,-0.1620779285298006,1,2,0,1
0,3,1,0.2026481568205438,0,0,-0.4797758706052971,2,1,1,1
0,3,1,-0.4118054879844123,0,0,-0.4568855200677911,2,1,1,1
0,3,1,1.431555446430456,0,0,-0.4900045872454856,2,1,1,1
0,2,0,2.122815796836032,0,0,-0.4367621349798736,2,1,1,3
0,3,1,-0.1045786655819342,0,0,-0.5026662211428032,0,1,1,1
1,2,0,1.8923956800341728,1,3,-0.1852198213809056,2,5,0,3
0,3,1,-0.8726457215881294,0,0,-0.4921014439716465,2,1,1,1
0,3,1,-0.1045786655819342,0,0,-0.4921014439716465,1,1,1,1
1,3,0,-1.8711328943961831,0,0,-0.3970184494312366,2,1,1,2
0,3,1,-0.1045786655819342,0,0,-0.4923529862852455,1,1,1,1
1,1,0,1.0475219184273583,0,1,3.604768217614744,2,2,0,3
1,3,0,-1.2566792495912271,0,0,-0.502581702925434,0,1,1,2
1,1,0,-0.9494524271887488,1,0,0.4989752716082872,2,2,0,3
0,1,1,-0.0277719599813147,0,0,-0.0443561257654836,2,1,1,1
0,3,1,-0.1045786655819342,1,2,-0.1761642980913428,2,4,0,1
0,3,1,-0.3349987823837927,0,0,-0.5061878135331888,2,1,1,1
0,3,1,-0.3349987823837927,0,0,-0.5021631365156053,2,1,1,1
1,3,0,-0.8726457215881294,0,0,-0.4972168084609952,2,1,1,2
0,3,1,-1.6407127775943249,4,1,-0.0619640877174113,1,6,0,4
1,3,1,-2.178359716798661,1,2,-0.2340190302191054,2,4,0,4
0,1,1,1.2779420352292172,0,0,0.9457144205600544,0,1,1,1
0,3,1,-0.1045786655819342,0,0,-0.4921014439716465,1,1,1,1
0,2,1,-1.0262591327893684,0,0,-0.1248496661171533,2,1,1,1
0,3,0,-0.1045786655819342,8,2,0.751523754461651,2,11,0,2
0,1,1,-0.1045786655819342,0,0,-0.0303542744213106,0,1,1,1
0,3,1,-0.3349987823837927,0,0,-0.4891674544258282,2,1,1,1
0,2,1,0.7402950960248805,0,0,-0.38645367226008,2,1,1,1
1,1,0,1.5083621520310757,0,0,-0.1262744017813779,2,1,1,5
1,3,0,0.1258414512199243,0,0,-0.4733202886690932,2,1,1,3
0,3,1,0.0490347456193048,0,0,-0.502581702925434,0,1,1,1
0,3,0,0.0490347456193048,1,1,-0.1620779285298006,2,3,0,3
0,2,1,0.3562615680217829,0,0,-0.38645367226008,2,1,1,1
1,2,0,0.1258414512199243,1,1,-0.119818819845174,2,3,0,3
1,1,1,-1.410292660792466,1,2,1.7667485321470855,2,4,0,4
1,3,1,-2.2229076060470203,0,1,-0.4766728446247403,0,2,0,4
1,3,1,-0.1813853711825537,0,0,-0.5076970674147826,2,1,1,1
0,3,1,0.1258414512199243,0,0,-0.4915983593444487,2,1,1,1
0,1,1,0.7402950960248805,0,0,-0.6480576784030068,2,1,1,1
0,3,0,-0.8726457215881294,0,0,-0.4915983593444487,2,1,1,2
0,2,1,0.7402950960248805,0,0,-0.38645367226008,2,1,1,1
1,1,0,0.2794548624211633,1,0,0.4204940697654092,2,2,0,3
0,3,1,-0.2581920767831732,0,0,-0.4893344785220579,2,1,1,1
0,3,1,0.7402950960248805,0,0,-0.1620779285298006,2,1,1,1
0,2,1,0.4330682736224024,0,0,-0.4367621349798736,2,1,1,1
0,3,0,-1.7943261887955635,4,2,-0.0186988097783889,2,7,0,2
0,3,1,0.0874380984196145,0,0,-0.4860644284452713,2,1,1,1
0,1,1,-0.1045786655819342,0,0,-0.6480576784030068,2,1,1,1
0,3,0,-0.4886121935850318,0,0,-0.488579851581261,2,1,1,2
0,2,1,0.1258414512199243,1,1,0.0965920880673076,0,3,0,1
0,3,1,1.0475219184273583,0,0,-0.5182618445859393,2,1,1,1
0,3,1,-1.4870993663930856,3,2,-0.0866152344501102,2,6,0,4
1,1,0,1.7387822688329342,1,1,1.2334788273172737,2,3,0,3
1,3,1,-0.1813853711825537,0,0,-0.4737388550789219,2,1,1,1
0,1,1,0.663488390424261,0,0,-0.6480576784030068,2,1,1,5
1,3,0,-0.1813853711825537,0,1,-0.3970184494312366,2,2,0,3
0,3,1,-2.1015530111980416,4,1,0.1505891672737165,2,6,0,4
0,3,1,-0.1045786655819342,0,0,-0.5082001520419805,1,1,1,1
0,3,1,-0.1045786655819342,0,0,0.4888290608469592,2,1,1,1
1,2,1,-2.178359716798661,0,2,0.0965920880673076,0,3,0,4
1,3,1,-0.1045786655819342,0,0,-0.4921014439716465,1,1,1,1
1,1,0,2.5068493248391293,0,0,0.9618131286303884,2,1,1,3
1,3,0,-1.103065838389988,1,0,-0.3571902456652305,0,2,0,3
1,2,1,-2.1914168567507666,1,1,-0.2707442080045548,2,3,0,4
0,3,1,-0.1045786655819342,0,0,-0.502581702925434,0,1,1,1
0,3,1,-0.4886121935850318,0,0,-0.4900045872454856,2,1,1,1
0,3,1,-0.8726457215881294,0,0,-0.481033582173292,2,1,1,1
1,1,0,0.7402950960248805,1,1,1.025368815753558,0,3,0,2
0,3,1,-0.6422256047862709,0,0,-0.4737388550789219,2,1,1,1
0,3,1,-0.1045786655819342,0,0,-0.4860644284452713,2,1,1,1
1,3,1,0.2026481568205438,0,0,0.4888290608469592,2,1,1,1
1,1,1,-0.1045786655819342,0,0,-0.0503931412918588,0,1,1,1
0,3,1,-0.7190323103868904,0,0,-0.488579851581261,2,1,1,1
0,2,1,-1.0262591327893684,0,0,-0.4367621349798736,2,1,1,1
1,1,0,0.0490347456193048,0,0,-0.0242327406775661,0,1,1,2
0,3,1,0.3946649208220926,0,0,-0.5185133868995382,0,1,1,1
0,3,1,-0.9494524271887488,0,0,-0.4737388550789219,2,1,1,1
0,3,1,0.970715212826739,0,0,-0.4961261209892301,2,1,1,1
0,3,1,-0.1045786655819342,8,2,0.751523754461651,2,11,0,1
0,3,1,0.4330682736224024,0,0,-0.4891674544258282,0,1,1,1
0,2,1,-0.1045786655819342,0,1,0.0160140294982686,2,2,0,5
1,1,0,-0.1045786655819342,1,0,1.1450204511478064,0,2,0,3
0,3,1,-1.9479395999968028,4,2,-0.0186988097783889,2,7,0,4
0,3,1,3.428529792046564,0,0,-0.4915983593444487,2,1,1,1
0,3,0,-1.563906071993705,1,1,-0.341260574029635,0,3,0,2
1,1,0,-1.0262591327893684,0,1,0.1448036940609402,2,2,0,2
0,2,0,1.1243286240279782,1,0,-0.1248496661171533,2,2,0,3
1,3,0,-0.8726457215881294,0,1,-0.4599040278309786,2,2,0,3
1,1,0,1.2011353296285976,1,1,2.669618413871151,2,3,0,3
1,1,1,1.6619755632323148,0,0,-0.1137818043187987,2,1,1,1
1,3,0,-0.4118054879844123,0,3,-0.2605154913643663,0,4,0,3
0,3,1,-0.1045786655819342,0,0,-0.502581702925434,0,1,1,1
0,3,1,0.8939085072261196,2,0,-0.3641509245671411,2,3,0,1
0,2,1,-0.6422256047862709,1,0,-0.4166387498919562,2,2,0,1
1,1,0,1.431555446430456,0,0,-0.1262744017813779,2,1,1,3
0,3,0,-0.1045786655819342,8,2,0.751523754461651,2,11,0,2
0,2,1,-0.4118054879844123,0,0,-0.38645367226008,2,1,1,1
1,2,0,0.970715212826739,0,0,-0.38645367226008,2,1,1,3
1,2,0,-0.1813853711825537,1,0,-0.3691817708391205,0,2,0,2
0,1,1,0.1258414512199243,0,0,0.3680887503194546,2,1,1,1
0,3,1,-0.1045786655819342,0,0,-0.4568855200677911,2,1,1,1
1,3,1,-1.9479395999968028,1,1,-0.4240179952036955,2,3,0,4
0,3,1,-0.2581920767831732,0,0,-0.4891674544258282,2,1,1,1
1,1,0,1.3547487408298369,1,1,0.4095107261844238,2,3,0,3
0,1,1,0.2794548624211633,0,0,-0.5474407529634195,2,1,1,1
0,3,1,1.3547487408298369,0,0,-0.4669472126117498,2,1,1,1
1,2,0,-0.1045786655819342,1,0,-0.1650964362929882,0,2,0,3
1,3,0,-1.103065838389988,0,0,-0.5026662211428032,0,1,1,2
0,3,1,-0.7190323103868904,0,0,-0.4499268535043892,2,1,1,1
0,3,1,-0.79583901598751,0,0,-0.4891674544258282,2,1,1,1
0,3,1,-0.1045786655819342,0,0,-0.4891674544258282,2,1,1,1
1,1,0,2.0460090912354123,0,1,1.025368815753558,0,2,0,3
1,2,0,-0.3349987823837927,0,1,-0.1248496661171533,2,2,0,3
0,3,1,0.2794548624211633,0,0,-0.4891674544258282,2,1,1,1
0,3,0,-0.5654188991856514,0,0,-0.4364260744489054,2,1,1,2
0,2,1,-0.1045786655819342,0,0,-0.4367621349798736,2,1,1,1
0,3,1,-0.3349987823837927,0,0,-0.5061878135331888,2,1,1,1
0,3,0,0.7402950960248805,0,5,-0.0619640877174113,1,6,0,3
0,2,1,-0.1813853711825537,0,0,-0.38645367226008,2,1,1,5
1,1,0,-0.79583901598751,0,0,-0.0443561257654836,2,1,1,2
0,3,0,-0.1045786655819342,1,2,-0.1761642980913428,2,4,0,2
1,1,1,-0.2581920767831732,0,0,-0.0443561257654836,0,1,1,1
0,3,1,0.2026481568205438,0,0,-0.4921014439716465,1,1,1,1
